0
3355443200
1069547520
3355443211
4294705152
3355443211
4294705152
3355443203
4294705152
3355443255
1073741824
3355443260
0
3355443256
0
3355443248
0
3355443216
0
3355443252
1073741824
3355443260
1073741824
3355443256
16777216
3355443256
16777216
3355443248
16777216
3355443252
16777216
3355443260
1073741824
3355443256
17825792
3355443256
17825792
3355443216
17825792
3355443252
17825792
3355443260
1073741824
3355443260
18874368
3355443256
18874368
3355443248
18874368
3355443252
1073741824
3355443260
19922944
3355443256
19922944
3355443216
19922944
3355443252
1073741824
3355443260
20971520
3355443256
20971520
3355443248
20971520
3355443252
1073741824
3355443260
22020096
3355443256
22020096
3355443216
22020096
3355443252
1073741824
3355443260
23068672
3355443256
23068672
3355443216
23068672
3355443252
1073741824
3355443260
24117248
3355443256
24117248
3355443252
24117248
3355443260
1073741824
3355443256
25165824
3355443256
25165824
3355443216
25165824
3355443252
25165824
3355443260
1073741824
3355443260
26214400
3355443256
26214400
3355443248
26214400
3355443252
1073741824
3355443260
27262976
3355443256
27262976
3355443216
27262976
3355443252
1073741824
3355443260
28311552
3355443256
28311552
3355443248
28311552
3355443252
1073741824
3355443260
29360128
3355443256
29360128
3355443216
29360128
3355443252
1073741824
3355443260
30408704
3355443256
30408704
3355443216
30408704
3355443252
1073741824
3355443260
31457280
3355443256
31457280
3355443252
31457280
3355443260
1073741824
3355443256
32505856
3355443256
32505856
3355443216
32505856
3355443252
32505856
3355443260
1073741824
3355443260
33554432
3355443256
33554432
3355443248
33554432
3355443252
1073741824
3355443260
34603008
3355443256
34603008
3355443216
34603008
3355443252
1073741824
3355443260
1109393408
3355443256
35651584
3355443256
35651584
3355443248
35651584
3355443252
35651584
3355443260
1073741824
3355443256
36700160
3355443256
36700160
3355443216
36700160
3355443252
36700160
3355443260
1073741824
3355443260
37748736
3355443256
37748736
3355443248
37748736
3355443252
1073741824
3355443260
38797312
3355443256
38797312
3355443216
38797312
3355443252
1112539136
3355443260
1073741824
3355443260
39845888
3355443256
39845888
3355443248
39845888
3355443252
1073741824
3355443260
40894464
3355443256
40894464
3355443216
40894464
3355443252
1073741824
3355443260
41943040
3355443256
41943040
3355443248
41943040
3355443252
1073741824
3355443260
42991616
3355443256
42991616
3355443216
42991616
3355443252
1073741824
3355443260
44040192
3355443256
44040192
3355443216
44040192
3355443252
1073741824
3355443260
45088768
3355443256
45088768
3355443252
45088768
3355443260
1073741824
3355443256
46137344
3355443256
46137344
3355443216
46137344
3355443252
46137344
3355443260
1073741824
3355443260
47185920
3355443256
47185920
3355443248
47185920
3355443252
1073741824
3355443260
48234496
3355443256
48234496
3355443216
48234496
3355443252
1073741824
3355443260
49283072
3355443256
49283072
3355443248
49283072
3355443252
1073741824
3355443260
50331648
3355443256
50331648
3355443216
50331648
3355443252
1073741824
3355443260
51380224
3355443256
51380224
3355443216
51380224
3355443252
1073741824
3355443260
52428800
3355443256
52428800
3355443252
52428800
3355443260
1073741824
3355443256
53477376
3355443256
53477376
3355443216
53477376
3355443252
53477376
3355443260
1073741824
3355443260
54525952
3355443256
54525952
3355443248
54525952
3355443252
1073741824
3355443260
55574528
3355443256
55574528
3355443216
55574528
3355443252
1073741824
3355443260
1130364928
3355443256
56623104
3355443256
56623104
3355443248
56623104
3355443252
56623104
3355443260
1073741824
3355443256
57671680
3355443256
57671680
3355443216
57671680
3355443252
57671680
3355443260
1073741824
3355443260
58720256
3355443256
58720256
3355443248
58720256
3355443252
1073741824
3355443260
59768832
3355443256
59768832
3355443216
59768832
3355443252
1073741824
3355443260
60817408
3355443256
60817408
3355443252
60817408
3355443260
1073741824
3355443260
61865984
3355443256
61865984
3355443216
61865984
3355443252
1073741824
3355443260
62914560
3355443256
62914560
3355443216
62914560
3355443252
1073741824
3355443260
63963136
3355443256
63963136
3355443252
63963136
3355443260
1073741824
3355443256
65011712
3355443256
65011712
3355443216
65011712
3355443252
65011712
3355443260
1073741824
3355443260
66060288
3355443256
66060288
3355443248
66060288
3355443252
1073741824
3355443260
67108864
3355443256
67108864
3355443216
67108864
3355443252
1073741824
3355443260
68157440
3355443256
68157440
3355443248
68157440
3355443252
1073741824
3355443260
69206016
3355443256
69206016
3355443216
69206016
3355443252
1073741824
3355443260
70254592
3355443256
70254592
3355443216
70254592
3355443252
1073741824
3355443260
71303168
3355443256
71303168
3355443252
71303168
3355443260
1073741824
3355443256
72351744
3355443256
72351744
3355443216
72351744
3355443252
72351744
3355443260
1073741824
3355443260
73400320
3355443256
73400320
3355443248
73400320
3355443252
1073741824
3355443260
74448896
3355443256
74448896
3355443216
74448896
3355443252
1073741824
3355443260
75497472
3355443256
75497472
3355443252
75497472
3355443260
1073741824
3355443260
76546048
3355443256
76546048
3355443216
76546048
3355443252
1073741824
3355443260
77594624
3355443256
77594624
3355443216
77594624
3355443252
1073741824
3355443260
78643200
3355443256
78643200
3355443252
78643200
3355443260
1073741824
3355443256
79691776
3355443256
79691776
3355443216
79691776
3355443252
79691776
3355443260
1073741824
3355443260
80740352
3355443256
80740352
3355443248
80740352
3355443252
1073741824
3355443260
81788928
3355443256
81788928
3355443216
81788928
3355443252
1073741824
3355443260
82837504
3355443256
82837504
3355443248
82837504
3355443252
1073741824
3355443260
83886080
3355443256
83886080
3355443216
83886080
3355443252
1073741824
3355443260
84934656
3355443256
84934656
3355443216
84934656
3355443252
1073741824
3355443260
85983232
3355443256
85983232
3355443252
85983232
3355443260
1073741824
3355443256
87031808
3355443256
87031808
3355443216
87031808
3355443252
87031808
3355443260
1073741824
3355443260
88080384
3355443256
88080384
3355443248
88080384
3355443252
1073741824
3355443260
89128960
3355443256
89128960
3355443216
89128960
3355443252
1073741824
3355443260
90177536
3355443256
90177536
3355443248
90177536
3355443252
1073741824
3355443260
91226112
3355443256
91226112
3355443216
91226112
3355443252
1073741824
3355443260
92274688
3355443256
92274688
3355443216
92274688
3355443252
1073741824
3355443260
93323264
3355443256
93323264
3355443252
93323264
3355443260
1073741824
3355443256
94371840
3355443256
94371840
3355443216
94371840
3355443252
94371840
3355443260
1073741824
3355443260
95420416
3355443256
95420416
3355443248
95420416
3355443252
1073741824
3355443260
96468992
3355443256
96468992
3355443216
96468992
3355443252
1073741824
3355443260
97517568
3355443256
97517568
3355443248
97517568
3355443252
1073741824
3355443260
98566144
3355443256
98566144
3355443216
98566144
3355443252
1073741824
3355443260
99614720
3355443256
99614720
3355443216
99614720
3355443252
1073741824
3355443260
100663296
3355443256
100663296
3355443252
100663296
3355443260
1073741824
3355443256
101711872
3355443256
101711872
3355443216
101711872
3355443252
101711872
3355443260
1073741824
3355443260
102760448
3355443256
102760448
3355443248
102760448
3355443252
1073741824
3355443260
103809024
3355443256
103809024
3355443216
103809024
3355443252
1073741824
3355443260
104857600
3355443256
104857600
3355443248
104857600
3355443252
1073741824
3355443260
105906176
3355443256
105906176
3355443216
105906176
3355443252
1073741824
3355443260
106954752
3355443256
106954752
3355443216
106954752
3355443252
1073741824
3355443260
108003328
3355443256
108003328
3355443252
108003328
3355443260
1073741824
3355443256
109051904
3355443256
109051904
3355443216
109051904
3355443252
109051904
3355443260
1073741824
3355443260
110100480
3355443256
110100480
3355443248
110100480
3355443252
1073741824
3355443260
111149056
3355443256
111149056
3355443248
111149056
3355443252
1073741824
3355443260
1185939456
3355443256
112197632
3355443256
112197632
3355443248
112197632
3355443252
112197632
3355443260
1073741824
3355443256
113246208
3355443256
113246208
3355443216
113246208
3355443252
113246208
3355443260
1073741824
3355443260
114294784
3355443256
114294784
3355443248
114294784
3355443252
1073741824
3355443260
115343360
3355443256
115343360
3355443216
115343360
3355443252
1073741824
3355443260
116391936
3355443256
116391936
3355443252
116391936
3355443260
1073741824
3355443260
117440512
3355443256
117440512
3355443216
117440512
3355443252
1073741824
3355443260
118489088
3355443256
118489088
3355443216
118489088
3355443252
1073741824
3355443260
119537664
3355443256
119537664
3355443248
119537664
3355443252
1073741824
3355443260
1073741824
3355443256
120586240
3355443256
120586240
3355443248
120586240
3355443252
120586240
3355443260
1073741824
3355443256
121634816
3355443256
121634816
3355443216
121634816
3355443252
121634816
3355443260
1073741824
3355443260
122683392
3355443256
122683392
3355443248
122683392
3355443252
1073741824
3355443260
123731968
3355443256
123731968
3355443216
123731968
3355443252
1073741824
3355443260
124780544
3355443256
124780544
3355443252
124780544
3355443260
1073741824
3355443260
125829120
3355443256
125829120
3355443216
125829120
3355443252
1073741824
3355443260
126877696
3355443256
126877696
3355443216
126877696
3355443252
1073741824
3355443260
127926272
3355443256
127926272
3355443252
127926272
3355443260
1073741824
3355443256
128974848
3355443256
128974848
3355443216
128974848
3355443252
128974848
3355443260
1073741824
3355443260
130023424
3355443256
130023424
3355443248
130023424
3355443252
1073741824
3355443260
131072000
3355443256
131072000
3355443216
131072000
3355443252
1073741824
3355443260
132120576
3355443256
132120576
3355443248
132120576
3355443252
1073741824
3355443260
133169152
3355443256
133169152
3355443216
133169152
3355443252
1073741824
3355443260
134217728
3355443256
134217728
3355443216
134217728
3355443252
1073741824
3355443260
135266304
3355443256
135266304
3355443252
135266304
3355443260
1073741824
3355443256
136314880
3355443256
136314880
3355443216
136314880
3355443252
136314880
3355443260
1073741824
3355443260
137363456
3355443256
137363456
3355443248
137363456
3355443252
1073741824
3355443260
138412032
3355443256
138412032
3355443216
138412032
3355443252
1073741824
3355443260
139460608
3355443256
139460608
3355443248
139460608
3355443252
1073741824
3355443260
140509184
3355443256
140509184
3355443216
140509184
3355443252
1073741824
3355443260
141557760
3355443256
141557760
3355443216
141557760
3355443252
1073741824
3355443260
142606336
3355443256
142606336
3355443252
142606336
3355443260
1073741824
3355443256
143654912
3355443256
143654912
3355443216
143654912
3355443252
143654912
3355443260
1073741824
3355443260
144703488
3355443256
144703488
3355443248
144703488
3355443252
1073741824
3355443260
145752064
3355443256
145752064
3355443216
145752064
3355443252
1073741824
3355443260
146800640
3355443256
146800640
3355443248
146800640
3355443252
1073741824
3355443260
147849216
3355443256
147849216
3355443216
147849216
3355443252
1073741824
3355443260
148897792
3355443256
148897792
3355443216
148897792
3355443252
1073741824
3355443260
149946368
3355443256
149946368
3355443252
149946368
3355443260
1073741824
3355443256
150994944
3355443256
150994944
3355443216
150994944
3355443252
150994944
3355443260
1073741824
3355443260
152043520
3355443256
152043520
3355443248
152043520
3355443252
1073741824
3355443260
153092096
3355443256
153092096
3355443216
153092096
3355443252
1073741824
3355443260
154140672
3355443256
154140672
3355443248
154140672
3355443252
1073741824
3355443260
155189248
3355443256
155189248
3355443216
155189248
3355443252
1073741824
3355443260
156237824
3355443256
156237824
3355443216
156237824
3355443252
1073741824
3355443260
157286400
3355443256
157286400
3355443252
157286400
3355443260
1073741824
3355443256
158334976
3355443256
158334976
3355443216
158334976
3355443252
158334976
3355443260
1073741824
3355443260
159383552
3355443256
159383552
3355443248
159383552
3355443252
1073741824
3355443260
160432128
3355443256
160432128
3355443248
160432128
3355443252
1073741824
3355443260
1235222528
3355443256
161480704
3355443256
161480704
3355443248
161480704
3355443252
161480704
3355443260
1073741824
3355443256
162529280
3355443256
162529280
3355443216
162529280
3355443252
162529280
3355443260
1073741824
3355443260
163577856
3355443256
163577856
3355443248
163577856
3355443252
1073741824
3355443260
164626432
3355443256
164626432
3355443216
164626432
3355443252
1073741824
3355443260
165675008
3355443256
165675008
3355443252
165675008
3355443260
1073741824
3355443260
166723584
3355443256
166723584
3355443216
166723584
3355443252
1073741824
3355443260
167772160
3355443256
167772160
3355443216
167772160
3355443252
1073741824
3355443260
168820736
3355443256
168820736
3355443248
168820736
3355443252
1073741824
3355443260
1073741824
3355443256
169869312
3355443256
169869312
3355443248
169869312
3355443252
169869312
3355443260
1073741824
3355443256
170917888
3355443256
170917888
3355443216
170917888
3355443252
170917888
3355443260
1073741824
3355443260
171966464
3355443256
171966464
3355443248
171966464
3355443252
1073741824
3355443260
173015040
3355443256
173015040
3355443216
173015040
3355443252
1073741824
3355443260
174063616
3355443256
174063616
3355443252
174063616
3355443260
1073741824
3355443260
175112192
3355443256
175112192
3355443216
175112192
3355443252
1073741824
3355443260
176160768
3355443256
176160768
3355443216
176160768
3355443252
1073741824
3355443260
177209344
3355443256
177209344
3355443252
177209344
3355443260
1073741824
3355443256
178257920
3355443256
178257920
3355443216
178257920
3355443252
178257920
3355443260
1073741824
3355443260
179306496
3355443256
179306496
3355443248
179306496
3355443252
1073741824
3355443260
180355072
3355443256
180355072
3355443216
180355072
3355443252
1073741824
3355443260
181403648
3355443256
181403648
3355443248
181403648
3355443252
1073741824
3355443260
182452224
3355443256
182452224
3355443216
182452224
3355443252
1073741824
3355443260
183500800
3355443256
183500800
3355443216
183500800
3355443252
1073741824
3355443260
184549376
3355443256
184549376
3355443252
184549376
3355443260
1073741824
3355443256
185597952
3355443256
185597952
3355443216
185597952
3355443252
185597952
3355443260
1073741824
3355443260
186646528
3355443256
186646528
3355443248
186646528
3355443252
1073741824
3355443260
187695104
3355443256
187695104
3355443216
187695104
3355443252
1073741824
3355443260
188743680
3355443256
188743680
3355443248
188743680
3355443252
1073741824
3355443260
189792256
3355443256
189792256
3355443216
189792256
3355443252
1073741824
3355443260
190840832
3355443256
190840832
3355443216
190840832
3355443252
1073741824
3355443260
191889408
3355443256
191889408
3355443252
191889408
3355443260
1073741824
3355443256
192937984
3355443256
192937984
3355443216
192937984
3355443252
192937984
3355443260
1073741824
3355443260
193986560
3355443256
193986560
3355443248
193986560
3355443252
1073741824
3355443260
195035136
3355443256
195035136
3355443216
195035136
3355443252
1073741824
3355443260
196083712
3355443256
196083712
3355443248
196083712
3355443252
1073741824
3355443260
197132288
3355443256
197132288
3355443216
197132288
3355443252
1073741824
3355443260
198180864
3355443256
198180864
3355443216
198180864
3355443252
1073741824
3355443260
199229440
3355443256
199229440
3355443252
199229440
3355443260
1073741824
3355443256
200278016
3355443256
200278016
3355443216
200278016
3355443252
200278016
3355443260
1073741824
3355443260
201326592
3355443256
201326592
3355443248
201326592
3355443252
1073741824
3355443260
202375168
3355443256
202375168
3355443216
202375168
3355443252
1073741824
3355443260
203423744
3355443256
203423744
3355443248
203423744
3355443252
1073741824
3355443260
204472320
3355443256
204472320
3355443216
204472320
3355443252
1073741824
3355443260
205520896
3355443256
205520896
3355443216
205520896
3355443252
1073741824
3355443260
206569472
3355443256
206569472
3355443252
206569472
3355443260
1073741824
3355443256
207618048
3355443256
207618048
3355443216
207618048
3355443252
207618048
3355443260
1073741824
3355443260
208666624
3355443256
208666624
3355443248
208666624
3355443252
1073741824
3355443260
209715200
3355443256
209715200
3355443248
209715200
3355443252
1073741824
3355443260
1284505600
3355443256
210763776
3355443256
210763776
3355443248
210763776
3355443252
210763776
3355443260
1073741824
3355443256
211812352
3355443256
211812352
3355443216
211812352
3355443252
211812352
3355443260
1073741824
3355443260
212860928
3355443256
212860928
3355443248
212860928
3355443252
1073741824
3355443260
213909504
3355443256
213909504
3355443216
213909504
3355443252
1073741824
3355443260
214958080
3355443256
214958080
3355443252
214958080
3355443260
1073741824
3355443260
216006656
3355443256
216006656
3355443216
216006656
3355443252
1073741824
3355443260
217055232
3355443256
217055232
3355443216
217055232
3355443252
1073741824
3355443260
218103808
3355443256
218103808
3355443248
218103808
3355443252
1073741824
3355443260
1073741824
3355443256
219152384
3355443256
219152384
3355443248
219152384
3355443252
219152384
3355443260
1073741824
3355443256
220200960
3355443256
220200960
3355443216
220200960
3355443252
220200960
3355443260
1073741824
3355443260
221249536
3355443256
221249536
3355443248
221249536
3355443252
1073741824
3355443260
222298112
3355443256
222298112
3355443216
222298112
3355443252
1073741824
3355443260
223346688
3355443256
223346688
3355443252
223346688
3355443260
1073741824
3355443260
224395264
3355443256
224395264
3355443216
224395264
3355443252
1073741824
3355443260
225443840
3355443256
225443840
3355443216
225443840
3355443252
1073741824
3355443260
226492416
3355443256
226492416
3355443252
226492416
3355443260
1073741824
3355443256
227540992
3355443256
227540992
3355443216
227540992
3355443252
1073741824
3355443260
1073741824
3355443256
228589568
3355443248
228589568
3355443252
1073741824
3355443260
1073741824
3355443256
229638144
3355443256
229638144
3355443248
229638144
3355443252
229638144
3355443260
1073741824
3355443256
230686720
3355443256
230686720
3355443216
230686720
3355443252
230686720
3355443260
1073741824
3355443260
231735296
3355443256
231735296
3355443248
231735296
3355443252
1073741824
3355443260
232783872
3355443256
232783872
3355443216
232783872
3355443252
1073741824
3355443260
233832448
3355443256
233832448
3355443252
233832448
3355443260
1073741824
3355443260
234881024
3355443256
234881024
3355443216
234881024
3355443252
1073741824
3355443260
235929600
3355443256
235929600
3355443216
235929600
3355443252
1073741824
3355443260
236978176
3355443256
236978176
3355443252
236978176
3355443260
1073741824
3355443256
238026752
3355443256
238026752
3355443216
238026752
3355443252
238026752
3355443260
1073741824
3355443260
239075328
3355443256
239075328
3355443248
239075328
3355443252
1073741824
3355443260
240123904
3355443256
240123904
3355443216
240123904
3355443252
1073741824
3355443260
241172480
3355443256
241172480
3355443252
241172480
3355443260
1073741824
3355443260
242221056
3355443256
242221056
3355443216
242221056
3355443252
1073741824
3355443260
243269632
3355443256
243269632
3355443216
243269632
3355443252
1073741824
3355443260
244318208
3355443256
244318208
3355443252
244318208
3355443260
1073741824
3355443256
245366784
3355443256
245366784
3355443216
245366784
3355443252
1073741824
3355443260
246415360
3355443256
246415360
3355443248
246415360
3355443252
1073741824
3355443260
1073741824
3355443256
247463936
3355443256
247463936
3355443248
247463936
3355443252
247463936
3355443260
1073741824
3355443256
248512512
3355443256
248512512
3355443216
248512512
3355443252
248512512
3355443260
1073741824
3355443260
249561088
3355443256
249561088
3355443248
249561088
3355443252
1073741824
3355443260
250609664
3355443256
250609664
3355443216
250609664
3355443252
1073741824
3355443260
251658240
3355443256
251658240
3355443252
251658240
3355443260
1073741824
3355443260
252706816
3355443256
252706816
3355443216
252706816
3355443252
1073741824
3355443260
253755392
3355443256
253755392
3355443216
253755392
3355443252
1073741824
3355443260
254803968
3355443256
254803968
3355443248
254803968
3355443252
1073741824
3355443260
1073741824
3355443256
255852544
3355443256
255852544
3355443248
255852544
3355443252
255852544
3355443260
1073741824
3355443256
256901120
3355443256
256901120
3355443216
256901120
3355443252
256901120
3355443260
1073741824
3355443260
257949696
3355443256
257949696
3355443248
257949696
3355443252
1073741824
3355443260
258998272
3355443256
258998272
3355443216
258998272
3355443252
1073741824
3355443260
260046848
3355443256
260046848
3355443252
260046848
3355443260
1073741824
3355443260
261095424
3355443256
261095424
3355443216
261095424
3355443252
1073741824
3355443260
262144000
3355443256
262144000
3355443216
262144000
3355443252
1073741824
3355443260
263192576
3355443256
263192576
3355443252
263192576
3355443260
1073741824
3355443256
264241152
3355443256
264241152
3355443216
264241152
3355443252
264241152
3355443260
1073741824
3355443260
265289728
3355443256
265289728
3355443248
265289728
3355443252
1073741824
3355443260
266338304
3355443256
266338304
3355443216
266338304
3355443252
1073741824
3355443260
267386880
3355443256
267386880
3355443252
267386880
3355443260
1073741824
3355443260
268435456
3355443256
268435456
3355443216
268435456
3355443252
1073741824
3355443260
269484032
3355443256
269484032
3355443216
269484032
3355443252
1073741824
3355443260
270532608
3355443256
270532608
3355443252
270532608
3355443260
1073741824
3355443256
271581184
3355443256
271581184
3355443216
271581184
3355443252
271581184
3355443260
1073741824
3355443260
272629760
3355443256
272629760
3355443248
272629760
3355443252
1073741824
3355443260
273678336
3355443256
273678336
3355443216
273678336
3355443252
1073741824
3355443260
274726912
3355443256
274726912
3355443248
274726912
3355443252
1073741824
3355443260
275775488
3355443256
275775488
3355443216
275775488
3355443252
1073741824
3355443260
276824064
3355443256
276824064
3355443216
276824064
3355443252
1073741824
3355443260
277872640
3355443256
277872640
3355443252
277872640
3355443260
1073741824
3355443256
278921216
3355443256
278921216
3355443216
278921216
3355443252
278921216
3355443260
1073741824
3355443260
279969792
3355443256
279969792
3355443248
279969792
3355443252
1073741824
3355443260
281018368
3355443256
281018368
3355443216
281018368
3355443252
1073741824
3355443260
282066944
3355443256
282066944
3355443248
282066944
3355443252
1073741824
3355443260
283115520
3355443256
283115520
3355443216
283115520
3355443252
1073741824
3355443260
284164096
3355443256
284164096
3355443216
284164096
3355443252
1073741824
3355443260
285212672
3355443256
285212672
3355443252
285212672
3355443260
1073741824
3355443256
286261248
3355443256
286261248
3355443216
286261248
3355443252
286261248
3355443260
1073741824
3355443260
287309824
3355443256
287309824
3355443248
287309824
3355443252
1073741824
3355443260
288358400
3355443256
288358400
3355443216
288358400
3355443252
1073741824
3355443260
289406976
3355443256
289406976
3355443248
289406976
3355443252
1073741824
3355443260
290455552
3355443256
290455552
3355443216
290455552
3355443252
1073741824
3355443260
291504128
3355443256
291504128
3355443216
291504128
3355443252
1073741824
3355443260
292552704
3355443256
292552704
3355443252
292552704
3355443260
1073741824
3355443256
293601280
3355443256
293601280
3355443216
293601280
3355443252
293601280
3355443260
1073741824
3355443260
294649856
3355443256
294649856
3355443248
294649856
3355443252
1073741824
3355443260
295698432
3355443256
295698432
3355443216
295698432
3355443252
1073741824
3355443260
1370488832
3355443256
296747008
3355443256
296747008
3355443248
296747008
3355443252
296747008
3355443260
1073741824
3355443256
297795584
3355443256
297795584
3355443216
297795584
3355443252
297795584
3355443260
1073741824
3355443260
298844160
3355443256
298844160
3355443248
298844160
3355443252
1073741824
3355443260
299892736
3355443256
299892736
3355443216
299892736
3355443252
1073741824
3355443260
300941312
3355443256
300941312
3355443252
300941312
3355443260
1073741824
3355443260
301989888
3355443256
301989888
3355443216
301989888
3355443252
1073741824
3355443260
303038464
3355443256
303038464
3355443216
303038464
3355443252
1073741824
3355443260
304087040
3355443256
304087040
3355443248
304087040
3355443252
1073741824
3355443260
1073741824
3355443256
305135616
3355443256
305135616
3355443248
305135616
3355443252
305135616
3355443260
1073741824
3355443256
306184192
3355443256
306184192
3355443216
306184192
3355443252
306184192
3355443260
1073741824
3355443260
307232768
3355443256
307232768
3355443248
307232768
3355443252
1073741824
3355443260
308281344
3355443256
308281344
3355443216
308281344
3355443252
1073741824
3355443260
309329920
3355443256
309329920
3355443252
309329920
3355443260
1073741824
3355443260
310378496
3355443256
310378496
3355443216
310378496
3355443252
1073741824
3355443260
311427072
3355443256
311427072
3355443216
311427072
3355443252
1073741824
3355443260
312475648
3355443256
312475648
3355443252
312475648
3355443260
1073741824
3355443256
313524224
3355443256
313524224
3355443216
313524224
3355443252
313524224
3355443260
1073741824
3355443260
314572800
3355443256
314572800
3355443248
314572800
3355443252
1073741824
3355443260
315621376
3355443256
315621376
3355443216
315621376
3355443252
1073741824
3355443260
316669952
3355443256
316669952
3355443252
316669952
3355443260
1073741824
3355443260
317718528
3355443256
317718528
3355443216
317718528
3355443252
1073741824
3355443260
318767104
3355443256
318767104
3355443216
318767104
3355443252
1073741824
3355443260
319815680
3355443256
319815680
3355443252
319815680
3355443260
1073741824
3355443256
320864256
3355443256
320864256
3355443216
320864256
3355443252
320864256
3355443260
1073741824
3355443260
321912832
3355443256
321912832
3355443248
321912832
3355443252
1073741824
3355443260
322961408
3355443256
322961408
3355443216
322961408
3355443252
1073741824
3355443260
324009984
3355443256
324009984
3355443248
324009984
3355443252
1073741824
3355443260
325058560
3355443256
325058560
3355443216
325058560
3355443252
1073741824
3355443260
326107136
3355443256
326107136
3355443216
326107136
3355443252
1073741824
3355443260
327155712
3355443256
327155712
3355443252
327155712
3355443260
1073741824
3355443256
328204288
3355443256
328204288
3355443216
328204288
3355443252
328204288
3355443260
1073741824
3355443260
329252864
3355443256
329252864
3355443248
329252864
3355443252
1073741824
3355443260
330301440
3355443256
330301440
3355443216
330301440
3355443252
1073741824
3355443260
331350016
3355443256
331350016
3355443248
331350016
3355443252
1073741824
3355443260
332398592
3355443256
332398592
3355443216
332398592
3355443252
1073741824
3355443260
333447168
3355443256
333447168
3355443216
333447168
3355443252
1073741824
3355443260
334495744
3355443256
334495744
3355443252
334495744
3355443260
1073741824
3355443256
335544320
3355443256
335544320
3355443216
335544320
3355443252
335544320
3355443260
1073741824
3355443260
336592896
3355443256
336592896
3355443248
336592896
3355443252
1073741824
3355443260
337641472
3355443256
337641472
3355443216
337641472
3355443252
1073741824
3355443260
338690048
3355443256
338690048
3355443248
338690048
3355443252
1073741824
3355443260
339738624
3355443256
339738624
3355443216
339738624
3355443252
1073741824
3355443260
340787200
3355443256
340787200
3355443216
340787200
3355443252
1073741824
3355443260
341835776
3355443256
341835776
3355443252
341835776
3355443260
1073741824
3355443256
342884352
3355443256
342884352
3355443216
342884352
3355443252
342884352
3355443260
1073741824
3355443260
343932928
3355443256
343932928
3355443248
343932928
3355443252
1073741824
3355443260
344981504
3355443256
344981504
3355443216
344981504
3355443252
1073741824
3355443260
346030080
3355443256
346030080
3355443248
346030080
3355443252
1073741824
3355443260
347078656
3355443256
347078656
3355443216
347078656
3355443252
1073741824
3355443260
348127232
3355443256
348127232
3355443216
348127232
3355443252
1073741824
3355443260
349175808
3355443256
349175808
3355443216
349175808
3355443252
1073741824
3355443260
350224384
3355443256
350224384
3355443216
350224384
3355443252
1073741824
3355443260
351272960
3355443256
351272960
3355443252
351272960
3355443260
1073741824
3355443256
352321536
3355443256
352321536
3355443216
352321536
3355443252
352321536
3355443260
1073741824
3355443260
353370112
3355443256
353370112
3355443248
353370112
3355443252
1073741824
3355443260
354418688
3355443256
354418688
3355443216
354418688
3355443252
1073741824
3355443260
355467264
3355443256
355467264
3355443248
355467264
3355443252
1073741824
3355443260
356515840
3355443256
356515840
3355443216
356515840
3355443252
1073741824
3355443260
357564416
3355443256
357564416
3355443216
357564416
3355443252
1073741824
3355443260
358612992
3355443256
358612992
3355443252
358612992
3355443260
1073741824
3355443256
359661568
3355443256
359661568
3355443216
359661568
3355443252
359661568
3355443260
1073741824
3355443260
360710144
3355443256
360710144
3355443248
360710144
3355443252
1073741824
3355443260
361758720
3355443256
361758720
3355443216
361758720
3355443252
1073741824
3355443260
362807296
3355443256
362807296
3355443248
362807296
3355443252
1073741824
3355443260
363855872
3355443256
363855872
3355443216
363855872
3355443252
1073741824
3355443260
364904448
3355443256
364904448
3355443216
364904448
3355443252
1073741824
3355443260
365953024
3355443256
365953024
3355443252
365953024
3355443260
1073741824
3355443256
367001600
3355443256
367001600
3355443216
367001600
3355443252
367001600
3355443260
1073741824
3355443260
368050176
3355443256
368050176
3355443248
368050176
3355443252
1073741824
3355443260
369098752
3355443256
369098752
3355443216
369098752
3355443252
1073741824
3355443260
370147328
3355443256
370147328
3355443248
370147328
3355443252
1073741824
3355443260
371195904
3355443256
371195904
3355443216
371195904
3355443252
1073741824
3355443260
372244480
3355443256
372244480
3355443216
372244480
3355443252
1073741824
3355443260
373293056
3355443256
373293056
3355443252
373293056
3355443260
1073741824
3355443256
374341632
3355443256
374341632
3355443216
374341632
3355443252
374341632
3355443260
1073741824
3355443260
375390208
3355443256
375390208
3355443248
375390208
3355443252
1073741824
3355443260
376438784
3355443256
376438784
3355443216
376438784
3355443252
1073741824
3355443260
377487360
3355443256
377487360
3355443248
377487360
3355443252
1073741824
3355443260
378535936
3355443256
378535936
3355443216
378535936
3355443252
1073741824
3355443260
379584512
3355443256
379584512
3355443216
379584512
3355443252
1073741824
3355443260
380633088
3355443256
380633088
3355443252
380633088
3355443260
1073741824
3355443256
381681664
3355443256
381681664
3355443216
381681664
3355443252
381681664
3355443260
1073741824
3355443260
382730240
3355443256
382730240
3355443248
382730240
3355443252
1073741824
3355443260
383778816
3355443256
383778816
3355443248
383778816
3355443252
1073741824
3355443260
1458569216
3355443256
384827392
3355443256
384827392
3355443248
384827392
3355443252
384827392
3355443260
1073741824
3355443256
385875968
3355443256
385875968
3355443216
385875968
3355443252
385875968
3355443260
1073741824
3355443260
386924544
3355443256
386924544
3355443248
386924544
3355443252
1073741824
3355443260
387973120
3355443256
387973120
3355443216
387973120
3355443252
1073741824
3355443260
389021696
3355443256
389021696
3355443252
389021696
3355443260
1073741824
3355443260
390070272
3355443256
390070272
3355443216
390070272
3355443252
1073741824
3355443260
391118848
3355443256
391118848
3355443216
391118848
3355443252
1073741824
3355443260
392167424
3355443256
392167424
3355443252
392167424
3355443260
1073741824
3355443256
393216000
3355443256
393216000
3355443216
393216000
3355443252
393216000
3355443260
1073741824
3355443260
394264576
3355443256
394264576
3355443248
394264576
3355443252
1073741824
3355443260
395313152
3355443256
395313152
3355443216
395313152
3355443252
1073741824
3355443260
396361728
3355443256
396361728
3355443248
396361728
3355443252
1073741824
3355443260
397410304
3355443256
397410304
3355443216
397410304
3355443252
1073741824
3355443260
398458880
3355443256
398458880
3355443216
398458880
3355443252
1073741824
3355443260
399507456
3355443256
399507456
3355443252
399507456
3355443260
1073741824
3355443256
400556032
3355443256
400556032
3355443216
400556032
3355443252
400556032
3355443260
1073741824
3355443260
401604608
3355443256
401604608
3355443248
401604608
3355443252
1073741824
3355443260
402653184
3355443256
402653184
3355443216
402653184
3355443252
1073741824
3355443260
403701760
3355443256
403701760
3355443248
403701760
3355443252
1073741824
3355443260
404750336
3355443256
404750336
3355443216
404750336
3355443252
1073741824
3355443260
405798912
3355443256
405798912
3355443216
405798912
3355443252
1073741824
3355443260
406847488
3355443256
406847488
3355443252
406847488
3355443260
1073741824
3355443256
407896064
3355443256
407896064
3355443216
407896064
3355443252
407896064
3355443260
1073741824
3355443260
408944640
3355443256
408944640
3355443248
408944640
3355443252
1073741824
3355443260
409993216
3355443256
409993216
3355443216
409993216
3355443252
1073741824
3355443260
411041792
3355443256
411041792
3355443248
411041792
3355443252
1073741824
3355443260
412090368
3355443256
412090368
3355443216
412090368
3355443252
1073741824
3355443260
413138944
3355443256
413138944
3355443216
413138944
3355443252
1073741824
3355443260
414187520
3355443256
414187520
3355443252
414187520
3355443260
1073741824
3355443256
415236096
3355443256
415236096
3355443216
415236096
3355443252
415236096
3355443260
1073741824
3355443260
416284672
3355443256
416284672
3355443248
416284672
3355443252
1073741824
3355443260
417333248
3355443256
417333248
3355443216
417333248
3355443252
1073741824
3355443260
418381824
3355443256
418381824
3355443248
418381824
3355443252
1073741824
3355443260
419430400
3355443256
419430400
3355443216
419430400
3355443252
1073741824
3355443260
420478976
3355443256
420478976
3355443216
420478976
3355443252
1073741824
3355443260
421527552
3355443256
421527552
3355443252
421527552
3355443260
1073741824
3355443256
422576128
3355443256
422576128
3355443216
422576128
3355443252
422576128
3355443260
1073741824
3355443260
423624704
3355443256
423624704
3355443248
423624704
3355443252
1073741824
3355443260
424673280
3355443256
424673280
3355443216
424673280
3355443252
1073741824
3355443260
425721856
3355443256
425721856
3355443248
425721856
3355443252
1073741824
3355443260
426770432
3355443256
426770432
3355443216
426770432
3355443252
1073741824
3355443260
427819008
3355443256
427819008
3355443216
427819008
3355443252
1073741824
3355443260
428867584
3355443256
428867584
3355443252
428867584
3355443260
1073741824
3355443256
429916160
3355443256
429916160
3355443216
429916160
3355443252
429916160
3355443260
1073741824
3355443260
430964736
3355443256
430964736
3355443248
430964736
3355443252
1073741824
3355443260
432013312
3355443256
432013312
3355443216
432013312
3355443252
1073741824
3355443260
1506803712
3355443256
433061888
3355443256
433061888
3355443248
433061888
3355443252
433061888
3355443260
1073741824
3355443256
434110464
3355443256
434110464
3355443216
434110464
3355443252
434110464
3355443260
1073741824
3355443260
435159040
3355443256
435159040
3355443248
435159040
3355443252
1073741824
3355443260
436207616
3355443256
436207616
3355443216
436207616
3355443252
1073741824
3355443260
437256192
3355443256
437256192
3355443252
437256192
3355443260
1073741824
3355443260
438304768
3355443256
438304768
3355443216
438304768
3355443252
1073741824
3355443260
439353344
3355443256
439353344
3355443216
439353344
3355443252
1073741824
3355443260
440401920
3355443256
440401920
3355443252
440401920
3355443260
1073741824
3355443256
441450496
3355443256
441450496
3355443216
441450496
3355443252
441450496
3355443260
1073741824
3355443260
442499072
3355443256
442499072
3355443248
442499072
3355443252
1073741824
3355443260
443547648
3355443256
443547648
3355443216
443547648
3355443252
1073741824
3355443260
444596224
3355443256
444596224
3355443248
444596224
3355443252
1073741824
3355443260
445644800
3355443256
445644800
3355443216
445644800
3355443252
1073741824
3355443260
446693376
3355443256
446693376
3355443216
446693376
3355443252
1073741824
3355443260
447741952
3355443256
447741952
3355443252
447741952
3355443260
1073741824
3355443256
448790528
3355443256
448790528
3355443216
448790528
3355443252
448790528
3355443260
1073741824
3355443260
449839104
3355443256
449839104
3355443248
449839104
3355443252
1073741824
3355443260
450887680
3355443256
450887680
3355443216
450887680
3355443252
1073741824
3355443260
451936256
3355443256
451936256
3355443248
451936256
3355443252
1073741824
3355443260
452984832
3355443256
452984832
3355443216
452984832
3355443252
1073741824
3355443260
454033408
3355443256
454033408
3355443216
454033408
3355443252
1073741824
3355443260
455081984
3355443256
455081984
3355443252
455081984
3355443260
1073741824
3355443256
456130560
3355443256
456130560
3355443216
456130560
3355443252
456130560
3355443260
1073741824
3355443260
457179136
3355443256
457179136
3355443248
457179136
3355443252
1073741824
3355443260
458227712
3355443256
458227712
3355443216
458227712
3355443252
1073741824
3355443260
459276288
3355443256
459276288
3355443248
459276288
3355443252
1073741824
3355443260
460324864
3355443256
460324864
3355443216
460324864
3355443252
1073741824
3355443260
461373440
3355443256
461373440
3355443216
461373440
3355443252
1073741824
3355443260
462422016
3355443256
462422016
3355443252
462422016
3355443260
1073741824
3355443256
463470592
3355443256
463470592
3355443216
463470592
3355443252
463470592
3355443260
1073741824
3355443260
464519168
3355443256
464519168
3355443248
464519168
3355443252
1073741824
3355443260
465567744
3355443256
465567744
3355443216
465567744
3355443252
1073741824
3355443260
466616320
3355443256
466616320
3355443248
466616320
3355443252
1073741824
3355443260
467664896
3355443256
467664896
3355443216
467664896
3355443252
1073741824
3355443260
468713472
3355443256
468713472
3355443216
468713472
3355443252
1073741824
3355443260
469762048
3355443256
469762048
3355443252
469762048
3355443260
1073741824
3355443256
470810624
3355443256
470810624
3355443216
470810624
3355443252
470810624
3355443260
1073741824
3355443260
471859200
3355443256
471859200
3355443248
471859200
3355443252
1073741824
3355443260
472907776
3355443256
472907776
3355443216
472907776
3355443252
1073741824
3355443260
473956352
3355443256
473956352
3355443248
473956352
3355443252
1073741824
3355443260
475004928
3355443256
475004928
3355443216
475004928
3355443252
1073741824
3355443260
476053504
3355443256
476053504
3355443216
476053504
3355443252
1073741824
3355443260
477102080
3355443256
477102080
3355443252
477102080
3355443260
1073741824
3355443256
478150656
3355443256
478150656
3355443216
478150656
3355443252
478150656
3355443260
1073741824
3355443260
479199232
3355443256
479199232
3355443248
479199232
3355443252
1073741824
3355443260
480247808
3355443256
480247808
3355443216
480247808
3355443252
1073741824
3355443260
481296384
3355443256
481296384
3355443248
481296384
3355443252
1073741824
3355443260
482344960
3355443256
482344960
3355443216
482344960
3355443252
1073741824
3355443260
483393536
3355443256
483393536
3355443216
483393536
3355443252
1073741824
3355443260
484442112
3355443256
484442112
3355443252
484442112
3355443260
1073741824
3355443256
485490688
3355443256
485490688
3355443216
485490688
3355443252
485490688
3355443260
1073741824
3355443260
486539264
3355443256
486539264
3355443248
486539264
3355443252
1073741824
3355443260
487587840
3355443256
487587840
3355443248
487587840
3355443252
1073741824
3355443260
1562378240
3355443256
488636416
3355443256
488636416
3355443248
488636416
3355443252
488636416
3355443260
1073741824
3355443256
489684992
3355443256
489684992
3355443216
489684992
3355443252
489684992
3355443260
1073741824
3355443260
490733568
3355443256
490733568
3355443248
490733568
3355443252
1073741824
3355443260
491782144
3355443256
491782144
3355443216
491782144
3355443252
1073741824
3355443260
492830720
3355443256
492830720
3355443252
492830720
3355443260
1073741824
3355443260
493879296
3355443256
493879296
3355443216
493879296
3355443252
1073741824
3355443260
494927872
3355443256
494927872
3355443216
494927872
3355443252
1073741824
3355443260
495976448
3355443256
495976448
3355443252
495976448
3355443260
1073741824
3355443256
497025024
3355443256
497025024
3355443216
497025024
3355443252
497025024
3355443260
1073741824
3355443260
498073600
3355443256
498073600
3355443248
498073600
3355443252
1073741824
3355443260
499122176
3355443256
499122176
3355443216
499122176
3355443252
1073741824
3355443260
500170752
3355443256
500170752
3355443248
500170752
3355443252
1073741824
3355443260
501219328
3355443256
501219328
3355443216
501219328
3355443252
1073741824
3355443260
502267904
3355443256
502267904
3355443216
502267904
3355443252
1073741824
3355443260
503316480
3355443256
503316480
3355443252
503316480
3355443260
1073741824
3355443256
504365056
3355443256
504365056
3355443216
504365056
3355443252
504365056
3355443260
1073741824
3355443260
505413632
3355443256
505413632
3355443248
505413632
3355443252
1073741824
3355443260
506462208
3355443256
506462208
3355443216
506462208
3355443252
1073741824
3355443260
507510784
3355443256
507510784
3355443248
507510784
3355443252
1073741824
3355443260
508559360
3355443256
508559360
3355443216
508559360
3355443252
1073741824
3355443260
509607936
3355443256
509607936
3355443216
509607936
3355443252
1073741824
3355443260
510656512
3355443256
510656512
3355443252
510656512
3355443260
1073741824
3355443256
511705088
3355443256
511705088
3355443216
511705088
3355443252
511705088
3355443260
1073741824
3355443260
512753664
3355443256
512753664
3355443248
512753664
3355443252
1073741824
3355443260
513802240
3355443256
513802240
3355443216
513802240
3355443252
1073741824
3355443260
514850816
3355443256
514850816
3355443248
514850816
3355443252
1073741824
3355443260
515899392
3355443256
515899392
3355443216
515899392
3355443252
1073741824
3355443260
516947968
3355443256
516947968
3355443216
516947968
3355443252
1073741824
3355443260
517996544
3355443256
517996544
3355443252
517996544
3355443260
1073741824
3355443256
519045120
3355443256
519045120
3355443216
519045120
3355443252
519045120
3355443260
1073741824
3355443260
520093696
3355443256
520093696
3355443248
520093696
3355443252
1073741824
3355443260
521142272
3355443256
521142272
3355443216
521142272
3355443252
1073741824
3355443260
522190848
3355443256
522190848
3355443248
522190848
3355443252
1073741824
3355443260
523239424
3355443256
523239424
3355443216
523239424
3355443252
1073741824
3355443260
524288000
3355443256
524288000
3355443216
524288000
3355443252
1073741824
3355443260
525336576
3355443256
525336576
3355443252
525336576
3355443260
1073741824
3355443256
526385152
3355443256
526385152
3355443216
526385152
3355443252
526385152
3355443260
1073741824
3355443260
527433728
3355443256
527433728
3355443248
527433728
3355443252
1073741824
3355443260
528482304
3355443256
528482304
3355443216
528482304
3355443252
1073741824
3355443260
529530880
3355443256
529530880
3355443248
529530880
3355443252
1073741824
3355443260
530579456
3355443256
530579456
3355443216
530579456
3355443252
1073741824
3355443260
531628032
3355443256
531628032
3355443216
531628032
3355443252
1073741824
3355443260
532676608
3355443256
532676608
3355443252
532676608
3355443260
1073741824
3355443256
533725184
3355443256
533725184
3355443216
533725184
3355443252
533725184
3355443260
1073741824
3355443260
534773760
3355443256
534773760
3355443248
534773760
3355443252
1073741824
3355443260
535822336
3355443256
535822336
3355443216
535822336
3355443252
1073741824
3355443260
1610612736
3355443256
536870912
3355443256
536870912
3355443248
536870912
3355443252
536870912
3355443260
1073741824
3355443256
537919488
3355443256
537919488
3355443216
537919488
3355443252
537919488
3355443260
1073741824
3355443260
538968064
3355443256
538968064
3355443248
538968064
3355443252
1073741824
3355443260
540016640
3355443256
540016640
3355443216
540016640
3355443252
1073741824
3355443260
541065216
3355443256
541065216
3355443252
541065216
3355443260
1073741824
3355443260
542113792
3355443256
542113792
3355443216
542113792
3355443252
1073741824
3355443260
543162368
3355443256
543162368
3355443216
543162368
3355443252
1073741824
3355443260
544210944
3355443256
544210944
3355443252
544210944
3355443260
1073741824
3355443256
545259520
3355443256
545259520
3355443216
545259520
3355443252
545259520
3355443260
1073741824
3355443260
546308096
3355443256
546308096
3355443248
546308096
3355443252
1073741824
3355443260
547356672
3355443256
547356672
3355443216
547356672
3355443252
1073741824
3355443260
548405248
3355443256
548405248
3355443248
548405248
3355443252
1073741824
3355443260
549453824
3355443256
549453824
3355443216
549453824
3355443252
1073741824
3355443260
550502400
3355443256
550502400
3355443216
550502400
3355443252
1073741824
3355443260
551550976
3355443256
551550976
3355443252
551550976
3355443260
1073741824
3355443256
552599552
3355443256
552599552
3355443216
552599552
3355443252
552599552
3355443260
1073741824
3355443260
553648128
3355443256
553648128
3355443248
553648128
3355443252
1073741824
3355443260
554696704
3355443256
554696704
3355443216
554696704
3355443252
1073741824
3355443260
555745280
3355443256
555745280
3355443248
555745280
3355443252
1073741824
3355443260
556793856
3355443256
556793856
3355443216
556793856
3355443252
1073741824
3355443260
557842432
3355443256
557842432
3355443216
557842432
3355443252
1073741824
3355443260
558891008
3355443256
558891008
3355443252
558891008
3355443260
1073741824
3355443256
559939584
3355443256
559939584
3355443216
559939584
3355443252
559939584
3355443260
1073741824
3355443260
560988160
3355443256
560988160
3355443248
560988160
3355443252
1073741824
3355443260
562036736
3355443256
562036736
3355443216
562036736
3355443252
1073741824
3355443260
563085312
3355443256
563085312
3355443248
563085312
3355443252
1073741824
3355443260
564133888
3355443256
564133888
3355443216
564133888
3355443252
1073741824
3355443260
565182464
3355443256
565182464
3355443216
565182464
3355443252
1073741824
3355443260
566231040
3355443256
566231040
3355443252
566231040
3355443260
1073741824
3355443256
567279616
3355443256
567279616
3355443216
567279616
3355443252
567279616
3355443260
1073741824
3355443260
568328192
3355443256
568328192
3355443248
568328192
3355443252
1073741824
3355443260
569376768
3355443256
569376768
3355443216
569376768
3355443252
1073741824
3355443260
570425344
3355443256
570425344
3355443248
570425344
3355443252
1073741824
3355443260
571473920
3355443256
571473920
3355443216
571473920
3355443252
1073741824
3355443260
572522496
3355443256
572522496
3355443216
572522496
3355443252
1073741824
3355443260
573571072
3355443256
573571072
3355443216
573571072
3355443252
1073741824
3355443260
574619648
3355443256
574619648
3355443216
574619648
3355443252
1073741824
3355443260
575668224
3355443256
575668224
3355443252
575668224
3355443260
1073741824
3355443256
576716800
3355443256
576716800
3355443216
576716800
3355443252
576716800
3355443260
1073741824
3355443260
577765376
3355443256
577765376
3355443248
577765376
3355443252
1073741824
3355443260
578813952
3355443256
578813952
3355443216
578813952
3355443252
1073741824
3355443260
579862528
3355443256
579862528
3355443248
579862528
3355443252
1073741824
3355443260
580911104
3355443256
580911104
3355443216
580911104
3355443252
1073741824
3355443260
581959680
3355443256
581959680
3355443216
581959680
3355443252
1073741824
3355443260
583008256
3355443256
583008256
3355443252
583008256
3355443260
1073741824
3355443256
584056832
3355443256
584056832
3355443216
584056832
3355443252
584056832
3355443260
1073741824
3355443260
585105408
3355443256
585105408
3355443248
585105408
3355443252
1073741824
3355443260
586153984
3355443256
586153984
3355443216
586153984
3355443252
1073741824
3355443260
587202560
3355443256
587202560
3355443248
587202560
3355443252
1073741824
3355443260
588251136
3355443256
588251136
3355443216
588251136
3355443252
1073741824
3355443260
589299712
3355443256
589299712
3355443216
589299712
3355443252
1073741824
3355443260
590348288
3355443256
590348288
3355443252
590348288
3355443260
1073741824
3355443256
591396864
3355443256
591396864
3355443216
591396864
3355443252
591396864
3355443260
1073741824
3355443260
592445440
3355443256
592445440
3355443248
592445440
3355443252
1073741824
3355443260
593494016
3355443256
593494016
3355443216
593494016
3355443252
1073741824
3355443260
594542592
3355443256
594542592
3355443248
594542592
3355443252
1073741824
3355443260
595591168
3355443256
595591168
3355443216
595591168
3355443252
1073741824
3355443260
596639744
3355443256
596639744
3355443216
596639744
3355443252
1073741824
3355443260
597688320
3355443256
597688320
3355443252
597688320
3355443260
1073741824
3355443256
598736896
3355443256
598736896
3355443216
598736896
3355443252
598736896
3355443260
1073741824
3355443260
599785472
3355443256
599785472
3355443248
599785472
3355443252
1073741824
3355443260
600834048
3355443256
600834048
3355443216
600834048
3355443252
1073741824
3355443260
601882624
3355443256
601882624
3355443248
601882624
3355443252
1073741824
3355443260
602931200
3355443256
602931200
3355443216
602931200
3355443252
1073741824
3355443260
603979776
3355443256
603979776
3355443216
603979776
3355443252
1073741824
3355443260
605028352
3355443256
605028352
3355443252
605028352
3355443260
1073741824
3355443256
606076928
3355443256
606076928
3355443216
606076928
3355443252
606076928
3355443260
1073741824
3355443260
607125504
3355443256
607125504
3355443248
607125504
3355443252
1073741824
3355443260
608174080
3355443256
608174080
3355443248
608174080
3355443252
1073741824
3355443260
1682964480
3355443256
609222656
3355443256
609222656
3355443248
609222656
3355443252
609222656
3355443260
1073741824
3355443256
610271232
3355443256
610271232
3355443216
610271232
3355443252
610271232
3355443260
1073741824
3355443260
611319808
3355443256
611319808
3355443248
611319808
3355443252
1073741824
3355443260
612368384
3355443256
612368384
3355443216
612368384
3355443252
1073741824
3355443260
613416960
3355443256
613416960
3355443252
613416960
3355443260
1073741824
3355443260
614465536
3355443256
614465536
3355443216
614465536
3355443252
1073741824
3355443260
615514112
3355443256
615514112
3355443216
615514112
3355443252
1073741824
3355443260
616562688
3355443256
616562688
3355443252
616562688
3355443260
1073741824
3355443256
617611264
3355443256
617611264
3355443216
617611264
3355443252
617611264
3355443260
1073741824
3355443260
618659840
3355443256
618659840
3355443248
618659840
3355443252
1073741824
3355443260
619708416
3355443256
619708416
3355443216
619708416
3355443252
1073741824
3355443260
620756992
3355443256
620756992
3355443248
620756992
3355443252
1073741824
3355443260
621805568
3355443256
621805568
3355443216
621805568
3355443252
1073741824
3355443260
622854144
3355443256
622854144
3355443216
622854144
3355443252
1073741824
3355443260
623902720
3355443256
623902720
3355443252
623902720
3355443260
1073741824
3355443256
624951296
3355443256
624951296
3355443216
624951296
3355443252
624951296
3355443260
1073741824
3355443260
625999872
3355443256
625999872
3355443248
625999872
3355443252
1073741824
3355443260
627048448
3355443256
627048448
3355443216
627048448
3355443252
1073741824
3355443260
628097024
3355443256
628097024
3355443248
628097024
3355443252
1073741824
3355443260
629145600
3355443256
629145600
3355443216
629145600
3355443252
1073741824
3355443260
630194176
3355443256
630194176
3355443216
630194176
3355443252
1073741824
3355443260
631242752
3355443256
631242752
3355443252
631242752
3355443260
1073741824
3355443256
632291328
3355443256
632291328
3355443216
632291328
3355443252
632291328
3355443260
1073741824
3355443260
633339904
3355443256
633339904
3355443248
633339904
3355443252
1073741824
3355443260
634388480
3355443256
634388480
3355443216
634388480
3355443252
1073741824
3355443260
635437056
3355443256
635437056
3355443248
635437056
3355443252


